192
 43
133
168
 26
 84
 76
 44
 86
178
142
  5
173
 81
108
 34
  1
 55
 57
157
  6
 73
180
 56
155
196
 24
175
 62
194
103
128
114
 64
 79
118
176
 37
179
139
185
100
 89
193
 42
 46
  4
 15
 80
 11
158
165
 41
159
 51
161
 49
 36
125
 20
107
 25
109
 23
162
 60
191
182
 50
 53
 38
 74
115
120
116
198
 48
 83
 59
105
 95
121
144
 22
  8
 33
 68
122
 28
146
104
123
 40
145
199
106
200
 30
 35
190
 31
149
195
184
 72
 13
140
135
102
132
124
119
181
189
112
166
 91
131
 39
 99
 90
164
 67
170
 58
153
171
 12
 47
129
 69
 10
 92
 88
172
156
 19
188
152
130
 98
148
169
 77
 70
134
 14
 65
183
136
 52
 45
 71
 97
 32
 94
  7
 18
163
126
  9
 61
197
101
 85
 16
143
177
 75
150
 21
110
 29
138
 27
  2
186
 87
154
137
 93
 63
160
 17
 54
113
127
117
141
174
151
  3
187
167
 96
 66
147
111
 82
 78